time,x,y,z,phi,theta,psi,x_velocity,y_velocity,z_velocity,phi_velocity,theta_velocity,psi_velocity,rotor_speed1,rotor_speed2,rotor_speed3,rotor_speed4
0.06,-3.1335885725762314e-07,-7.72920288754347e-08,10.003923274514863,6.28305856016452,0.0002830295330467081,0.0,-2.6978680430691095e-05,-8.929775514561401e-06,0.13076904249830454,-0.0067132395017394505,0.012788960704435673,0.0,445.2663045728281,446.31107000376784,447.59461130379486,447.0480757439424
0.12000000000000001,-1.171096523005366e-05,-5.1729616741848505e-06,10.016864730688726,6.282679874350343,0.001158335791522802,0.0,-0.0004454569629160438,-0.00020480724326964634,0.3005826868290495,-0.005519653480593353,0.017964087489471522,0.0,457.9190093835167,458.33031301184127,458.92485958555534,459.01967791570485
0.18,-6.830655271571249e-05,-2.9397299153850197e-05,10.038876105364096,6.281835851585075,0.002640859627952352,0.0,-0.0015805300924263102,-0.0006531426523643995,0.4330879931329479,-0.04264745552841252,0.03560365386540685,0.0,446.53347184632526,447.96999000754073,448.6769472728827,445.65291585290487
0.23999999999999996,-0.00022989206796807395,-0.00010792941826596355,10.06917561249697,6.27981588071837,0.004819700415215955,0.0,-0.004039567026766437,-0.0022082053763853404,0.5768321493045151,-0.019986337911319957,0.03769786249612341,0.0,450.87213396800274,451.041846887698,449.7001798580998,451.53121329889285
0.3,-0.0005888947452196248,-0.0003203431438450505,10.108409317472365,6.278723733961815,0.006900958111516253,0.0,-0.008166515048644796,-0.004997728040244936,0.7308698835804016,-0.014854374254755748,0.027862426498298485,0.0,454.2734965129664,453.48473065487957,454.10436298669094,454.5158515192331
0.36000000000000004,-0.0012419343398806005,-0.000724982314277105,10.157229523732276,6.27766828600981,0.0083465922099073,0.0,-0.013776236412685102,-0.00859769488782796,0.8963529844080229,-0.023717961207186396,0.01522748645316308,0.0,458.30084724133445,457.29568604619413,458.1178576718565,457.4127053277469
0.4200000000000001,-0.0022298101142793807,-0.0013502468085621526,10.212279253234518,6.276251573301629,0.009400356258074893,0.0,-0.019244954413660732,-0.012376951025877997,0.938602331673997,-0.023400578288979023,0.021865716112605273,0.0,419.01729251490616,419.59386028727204,418.7183899046101,418.74589929880653
0.48000000000000015,-0.003574490098319781,-0.002234472785547375,10.27062955782143,6.274425807822457,0.010281965115559899,0.0,-0.025690213473985268,-0.017247809563247632,1.0063479457804863,-0.05068892881137663,-0.006227484800567444,0.0,429.064478843056,426.6729992303293,428.22503685323545,425.89721564502435
0.5400000000000001,-0.00536664898162482,-0.0034962122902697105,10.337733024349923,6.271712804593303,0.010886924653437546,0.0,-0.03407413142324823,-0.02515226069515545,1.2302166059657067,-0.03605897409946037,0.031095356141597932,0.0,475.2834112233403,478.1349861129341,473.98086926802296,475.10265618792056
0.6000000000000002,-0.007662347176356129,-0.005270612049610245,10.416251137290152,6.269793271851395,0.012769978633386359,0.0,-0.04265410552839416,-0.03421648966589822,1.3868713669246484,-0.02489816560226405,0.03195571203581737,0.0,456.615567090609,456.6845077166153,455.0142653501471,455.9064158696325
0.6600000000000003,-0.010489377807655714,-0.007601760801593012,10.502151452846755,6.267941504158953,0.015234155679125116,0.0,-0.0518032943510317,-0.043650944156589086,1.4763551931765342,-0.04677892396732237,0.054904641542530656,0.0,434.87134877658235,436.79011513750856,436.10428021687034,434.27250805572265
0.7200000000000003,-0.013891811163353585,-0.010513381246314856,10.591643817835577,6.265350107781973,0.018381420484506528,0.0,-0.061906378171008185,-0.05364911641527381,1.5066745718354053,-0.0368375456802191,0.047040576075452846,0.0,416.5263512117027,415.8400838296237,416.31583540114497,417.18350534375486
0.7800000000000004,-0.017979911747396868,-0.014092420607860576,10.684129224531505,6.263330197791623,0.02152947056925303,0.0,-0.07465467768909102,-0.06585597143141249,1.5760686137792979,-0.027976044372410604,0.06156077688292133,0.0,428.1492691086623,429.38462269295223,429.70815340791887,430.45811764837845
0.8400000000000004,-0.022989702560162584,-0.01852526766565714,10.784909759838126,6.261225921981481,0.025111006597910546,0.0,-0.09276074774911029,-0.08211476458774163,1.7829675463252668,-0.05563039651710805,0.05566753759010724,0.0,472.15893300062487,471.70637107629534,473.31416801807245,471.1806190973085
0.9000000000000005,-0.029262735542432052,-0.024072466898430456,10.901708746935302,6.2580854135824975,0.02839803548828357,0.0,-0.11677576327348367,-0.10321746823297571,2.1097639908201042,-0.046466652567062755,0.05295578868847807,0.0,506.4010203282451,506.20754182962617,507.0444519562764,507.7008782940229
0.9600000000000005,-0.03683644015466094,-0.030766602112798053,11.030186491199979,6.255022479330181,0.03157008309887033,0.0,-0.13598429433348055,-0.12019754749175168,2.1726909297405808,-0.06229812043436772,0.05269028327601178,0.0,429.38106026748983,429.3604719565822,430.37796933738645,429.0341248540067
1.0200000000000005,-0.04565243308293864,-0.03856652760755168,11.163297392339706,6.252073584201911,0.03432319940814921,0.0,-0.1581803884670333,-0.14012326067359565,2.264139390439062,-0.03101271867348164,0.026614060099377862,0.0,440.2695829821934,438.1080587185243,437.4978049912685,440.093012395731
1.0800000000000005,-0.05595083253926602,-0.047706985453572444,11.304789393339421,6.250515646088559,0.03566395801914535,0.0,-0.18525771166855498,-0.16474144672739618,2.451860857805129,-0.017413819123042254,0.012040967242357908,0.0,469.4253952218821,468.2932260530511,468.54975923309405,469.60562850403204
1.1400000000000006,-0.0679130588511049,-0.05836846572206494,11.457865369486035,6.24922875512385,0.03611011103705053,0.0,-0.21353869480897056,-0.19076119333388697,2.650221516724563,-0.031070135614009602,-0.0038895106307624185,0.0,473.38722961590935,472.1597489719819,473.6291172588928,472.5776804790347
1.2000000000000006,-0.081568200465817,-0.07061371132097087,11.622526914907235,6.247819024263279,0.03642354541344517,0.0,-0.24162702818531198,-0.21758333071420968,2.838037393389024,-0.01152975154829277,0.019061860283802246,0.0,469.67484116486713,471.45145245525606,470.1717407603226,471.6831032364991
1.2600000000000007,-0.09692634543455006,-0.08450156927191847,11.798587463804605,6.247038877142025,0.03774616693267152,0.0,-0.27043728715535803,-0.24541326682587847,3.030143648143523,-0.016123660815972215,0.027424087423862948,0.0,472.5122242858569,473.1564244771305,473.2580634730857,472.90446823339636
1.3200000000000007,-0.11410534136347932,-0.10013518360545663,11.987721523309693,6.24591123067254,0.03940923533627405,0.0,-0.30237528129893476,-0.27581174571592193,3.2736393988539323,-0.024755507448585207,0.028298783836806674,0.0,488.7426292647714,488.8079350200078,489.34443579435344,488.7015394241806
1.3800000000000008,-0.1329700703980756,-0.11736594439628537,12.184609158436864,6.244258683293676,0.041081665073550155,0.0,-0.3265991817207404,-0.2986856662961236,3.2892186359052005,-0.03379657497730715,0.027010219010920905,0.0,420.80483941892834,420.69352375383727,420.2347754507336,419.4500612992513
1.4400000000000008,-0.15341000924672504,-0.13608793215485923,12.384637287043116,6.2420058189264065,0.04248312081812955,0.0,-0.3548755094553076,-0.3255843504028651,3.378103048593167,-0.04636422496639537,0.014813612269747381,0.0,444.90202946164885,443.9023192046511,444.39720784281394,443.3651127951093
1.5000000000000009,-0.17546622006915755,-0.15636840764947488,12.58750283938135,6.239442151359373,0.043032934790819155,0.0,-0.38039885041469157,-0.35066614086594067,3.384043128667807,-0.03630083567413227,-0.005614252218609547,0.0,419.6085168613711,417.831219628825,416.5493317112066,417.42731732347295
1.560000000000001,-0.19925307765487338,-0.17839538077702366,12.795206556265445,6.2377606632152425,0.0427133347779618,0.0,-0.4124422616020573,-0.38375524358853774,3.5389286996816516,-0.015189222303875725,-0.004757584097292318,0.0,465.0028144448841,465.0700148890545,464.3560802838894,466.0090554353981
1.620000000000001,-0.22502369559105234,-0.20251207643333685,13.013783290941548,6.237553521444536,0.04242746176831513,0.0,-0.4465189119217294,-0.420164492307178,3.746292791090571,0.013271860235511239,-0.0047784867589286805,0.0,481.92876717285066,481.9272756727324,480.18069984524084,482.3350594793228
1.680000000000001,-0.2527311626978629,-0.22870263886606604,13.242404511904581,6.2388286173046765,0.04239417802312584,0.0,-0.47703211992085315,-0.4527242271724669,3.8739863176452154,0.03372413645848963,0.006780050880811106,0.0,458.77856568002363,459.69545743645284,458.44776791928723,460.07004856600656
1.740000000000001,-0.2822278852723822,-0.25677033861319626,13.477657416558483,6.240933061994539,0.042718261257808976,0.0,-0.5062181287835122,-0.4826466426668114,3.9674561115193567,0.037645264645401084,0.00249059913367097,0.0,449.19385394084924,448.8457555928355,450.01730597685713,450.3351216862832
1.8000000000000012,-0.3134814400172549,-0.2865866240056391,13.718466061375032,6.244162029786823,0.043945216448743274,0.0,-0.535638970146262,-0.5109324301816497,4.05917763937836,0.0747043617491889,0.042814883227153044,0.0,449.0823652870191,452.34166336607774,447.22891048210573,450.2391252714899
1.8600000000000012,-0.34649044641326515,-0.3179912097765699,13.963815115899239,6.248753098669788,0.0461642193572116,0.0,-0.5648874731733904,-0.5354485376467899,4.118910033974784,0.07991630576844636,0.02155818535483343,0.0,440.51081905676136,438.75000375498,440.84372084001694,441.2788739453931
1.9200000000000013,-0.3814302699624322,-0.3508744282849026,14.215692362257597,6.254697388586514,0.04743746369489976,0.0,-0.5998915059916062,-0.5600364597125055,4.276429823195286,0.12235336868043005,0.020537222364620456,0.0,470.5401812413059,470.4611009895027,469.5186956974823,472.80693551275607
1.9800000000000013,-0.41833025282305264,-0.38499644782849557,14.473475345204907,6.261874283353375,0.04891695396036422,0.0,-0.6302317536042304,-0.5766924773831658,4.316200654883322,0.11348892954586236,0.031835393906761544,0.0,435.3844682934748,436.3289119695553,435.77885813193393,435.0503475516243
2.0400000000000014,-0.457119788391183,-0.42000170369754614,14.734426048850679,6.268470137093889,0.05058512780910718,0.0,-0.6629190727520189,-0.5895019042353511,4.38191149157954,0.10165472549020182,0.018186929096916677,0.0,443.94091088162315,442.8196776058444,445.4805133837849,444.52228294485724
2.1000000000000014,-0.4980042808765176,-0.4556776076616022,15.001348251540671,6.2746391645169055,0.05157638977496415,0.0,-0.6999872347682101,-0.599040044901246,4.514982369460009,0.10504432263741222,0.012961905482469706,0.0,466.5052811237279,466.09697250737565,464.4416068387623,464.71607821232647
2.1600000000000015,-0.5409656853968682,-0.49176899030398225,15.273002590314455,6.280701068672306,0.05206613295032181,0.0,-0.7321197654759052,-0.6034494796054662,4.54006911473088,0.09148074668376556,-0.003769885783261171,0.0,433.31168017856965,431.9025589842191,433.64142534740034,432.5094624753647
2.2200000000000015,-0.5861995380496433,-0.5280267971281654,15.552629006482931,0.0031759408775240416,0.05244533193754375,0.0,-0.7756466535069962,-0.6044653015966087,4.779840333732912,0.09950672501987576,0.021273985840474706,0.0,497.0850173429339,498.9169799810427,497.05144992012436,497.64582391876405
2.2800000000000016,-0.633686598611991,-0.5642343614395453,15.839529599526205,0.009269886637189195,0.053687609857776764,0.0,-0.8073708199961768,-0.6019308340215853,4.783494978692139,0.10539200863413573,0.019541004730868457,0.0,428.2830956869043,428.135657456219,427.93859068388605,428.44866907157586
2.3400000000000016,-0.6831207718158203,-0.6001779699680709,16.127027252035166,0.01551219046424368,0.055163823349442254,0.0,-0.8405574340036336,-0.5956335949968835,4.799685580435595,0.10118610302535895,0.033177856361274155,0.0,432.980582597662,434.1265976237703,431.2696808088068,430.92403020676977
2.4000000000000017,-0.7347735191243668,-0.6355722424863137,16.41902744171074,0.022569064340418166,0.057571441354557606,0.0,-0.8814126304673351,-0.5834773979846224,4.933064009584451,0.13871298926331319,0.051288770168779266,0.0,468.9045971368765,470.31029819416943,466.8344104353931,469.7646809949012
2.4600000000000017,-0.7888719374298631,-0.6701034810904888,16.71794826623891,0.03142829852696316,0.060335744236787114,0.0,-0.9221481977634792,-0.5667057966310743,5.03050612963508,0.161275377615803,0.03278953073527969,0.0,459.26487737035814,457.7961967879015,459.1786406085147,460.9845020802277
2.520000000000002,-0.8453260350509574,-0.7035200830447802,17.020361027828837,0.04204363465279215,0.06262033636384867,0.0,-0.9598502545944381,-0.5462699293647645,5.049805044500906,0.19734142677156588,0.046972060413395855,0.0,435.3903078609776,436.57615977587926,434.00741886792906,437.0540056020652
2.580000000000002,-0.9042132341579432,-0.7354257608837053,17.325895704030074,0.053778953418190056,0.06587566353197438,0.0,-1.0033452278910593,-0.5161052582882317,5.134249871607041,0.19183660832803975,0.06584822238277965,0.0,455.4242495781581,456.9335669898501,457.08406096645155,456.68129325549353
2.640000000000002,-0.9658076352773856,-0.7652656851678912,17.636880318451592,0.06497039365116652,0.06936498904485244,0.0,-1.0501646177515345,-0.4774377204917204,5.231380029974912,0.1729439987664076,0.0346854286793692,0.0,462.60244678788524,460.14373364544116,462.025264683256,460.56521871916294
2.700000000000002,-1.0300771170631693,-0.7927529199538155,17.95081114669495,0.07550201427101655,0.071844409925224,0.0,-1.0923617635888172,-0.43789540894638324,5.2329040585107505,0.1802420278670726,0.05207662533916785,0.0,430.65197569685523,432.12168037360266,432.9248073286237,433.56900479198123
2.760000000000002,-1.0969766535470704,-0.8176285162275186,18.26549552323997,0.0860585110241745,0.07515687955527195,0.0,-1.1379158729100471,-0.39033468636350305,5.256368699807069,0.16555844715597595,0.06082947867504446,0.0,439.2018328488714,439.929368573319,440.23103116532315,439.04419321680103
2.820000000000002,-1.1665784232587517,-0.839570489788651,18.580319611041837,0.09568446621622861,0.07868252500168804,0.0,-1.1824612957616372,-0.3402319644415263,5.2377446286437035,0.14747045494155253,0.05426623352347404,0.0,426.44728129395173,425.88875195802746,427.3049784541728,425.7853666599892
2.880000000000002,-1.2389883608454972,-0.858254511671302,18.894935573455584,0.10474575817950527,0.08220305914589066,0.0,-1.2315103667123328,-0.28177855257973244,5.249276388146284,0.15730885857639368,0.06628672149863492,0.0,436.1437436651411,437.1491406579546,435.51178045377725,436.355894132453
2.940000000000002,-1.3143537948027917,-0.8733370900285788,19.209559829568935,0.11394404722195084,0.08631949193594224,0.0,-1.2810302932610729,-0.22017225073427896,5.238104426675547,0.14378380064125523,0.07288329266261576,0.0,429.032493167728,429.59602192002825,429.82259014346727,428.69760332044495
3.000000000000002,-1.392847555992994,-0.8844576834364842,19.52442571037969,0.12234927995904243,0.09079620799773558,0.0,-1.3358276701829617,-0.1497588373268729,5.257167256471626,0.13143216645568936,0.07786085438956775,0.0,439.1187898717219,439.53598965359333,439.9109480016946,438.9052067442059
3.0600000000000023,-1.4747588112649654,-0.8911420720511053,19.84089071511435,0.13029569102379135,0.09543897144890501,0.0,-1.3949709075436916,-0.07234647087709853,5.291317983903979,0.1343815910838704,0.07639924201846933,0.0,443.79602823847864,443.6807858366912,445.68047888351833,445.9375761439174
3.1200000000000023,-1.5605740357122222,-0.8926701069649767,20.16210655750587,0.1383242023315292,0.10013650073524616,0.0,-1.465978673778465,0.022177434261341403,5.415062375953291,0.1326383314820862,0.08183003249701491,0.0,472.5726538963061,472.9956171287963,473.74832258952864,473.6295279204298
3.1800000000000024,-1.650752009956411,-0.8883574947724343,20.490687419764072,0.14695369912706013,0.10499136967067635,0.0,-1.540416137534046,0.12236300346946234,5.536783955267151,0.15995747398655985,0.07901868495073645,0.0,475.0264790070291,474.81563358067825,472.6088790260471,474.72754552129044
3.2400000000000024,-1.7454541732736648,-0.8779118625555199,20.826080145112204,0.15638045293474168,0.10933220841137903,0.0,-1.6167485454404318,0.2267119285814589,5.642160470637662,0.1507196038907,0.05365079452844977,0.0,472.49247173795277,470.5359014832769,471.06636282534555,470.3731776184666
3.3000000000000025,-1.844711702192277,-0.8611717005553532,21.16674223985019,0.1657912986802179,0.11237066322013423,0.0,-1.6921140597042652,0.3321276422594479,5.712605785725493,0.16690581640020224,0.04381771360257693,0.0,462.62454281470764,461.8510095811433,461.27063912589404,462.5693748494123
3.3600000000000025,-1.948460143569221,-0.8380554694567431,21.510772101449398,0.17570594483474178,0.11445199795857608,0.0,-1.7663896813675417,0.43929393707731784,5.754544183560427,0.1616995818347421,0.0015434914602864593,0.0,455.9996448645064,452.6097948863276,454.9386057136968,454.5468505345181
3.4200000000000026,-2.056595407085393,-0.8084833308931729,21.856377816056956,0.18490833481094437,0.11480354451595076,0.0,-1.8381506515203305,0.5472721221464444,5.765319462723436,0.12631676664182717,0.01333252791701374,0.0,444.865305428011,445.82968648004805,447.39409924907045,444.52453049776165
3.4800000000000026,-2.168976445274989,-0.772392086604889,22.201963626194946,0.19249723653067363,0.1157704454583568,0.0,-1.907982529570134,0.6564144169866871,5.75399656742405,0.1268091924700283,0.02116810342498419,0.0,438.8153718625141,439.4653821109772,439.19839121763385,439.2540220013772
3.5400000000000027,-2.2852321033300216,-0.7301805757868463,22.54397984523899,0.20039000886479297,0.11702956392293551,0.0,-1.9673774856992121,0.7512795859164227,5.646828272463939,0.13963923977464957,0.020617223292244358,0.0,407.7345063310163,407.6853108662568,405.86256796746267,407.03024658321414
3.6000000000000028,-2.4055180911815666,-0.6814074365978089,22.883214542890755,0.20882142746712962,0.11815575737021611,0.0,-2.0422687342618175,0.8752012995309044,5.66059349813389,0.14223432602722427,0.014792805968257682,0.0,446.72609718527576,446.25076430914754,447.99660926584136,448.22577899489073
3.660000000000003,-2.5302261296436197,-0.6252165576272684,23.222434373208944,0.21771818274180532,0.11887717005320741,0.0,-2.114760796904307,0.9985564014726841,5.646463389136456,0.15822517864356425,0.005813136664103586,0.0,439.8936891633192,439.14920162710143,437.99581076948294,439.34470210480964
3.720000000000003,-2.6596725543326807,-0.5607929179812681,23.563793680476124,0.22716787312565057,0.11923988522245921,0.0,-2.2001190547952567,1.1497065577577656,5.731329628424864,0.15599464431088153,0.0065055108767084185,0.0,471.19499191437677,471.24842036423325,471.2423324134027,471.0918127808965
3.780000000000003,-2.794058043515722,-0.4874841831620753,23.908589259227934,0.23614357312685552,0.11953431499082345,0.0,-2.279426593128935,1.2946796747286924,5.761285271070428,0.1320289983545445,0.0015016326089779893,0.0,456.5530785300408,456.15349518879185,456.19055709850124,454.2925488315678
3.840000000000003,-2.933279485346332,-0.4051892885928954,24.255660335224285,0.24433941126088676,0.11915164785818178,0.0,-2.361269972463282,1.44912929604816,5.807093517439748,0.1444408733771528,-0.03086912862924064,0.0,463.17693652483416,460.62361902916825,461.63322784887737,462.6281442741872
3.900000000000003,-3.077341328775024,-0.31360329851355234,24.60490374999849,0.2533679265828228,0.11796088336864763,0.0,-2.4406613991229773,1.6044529415590687,5.83378763690114,0.1604066142493089,-0.003874374881915865,0.0,457.2548631332276,459.4007359852092,455.71541026633633,457.0105205196067
3.960000000000003,-3.226038966422788,-0.21278423265255406,24.954723762581278,0.263553751353661,0.11741740477680196,0.0,-2.515918434514305,1.7569780134944262,5.826437029743799,0.18386874896221175,-0.022234315466070367,0.0,448.61310663230864,447.11958460585544,446.459150448426,448.3966417020013
4.020000000000002,-3.3795213153806274,-0.10202725008205771,25.306282434155058,0.27463715763877694,0.11635997420295485,0.0,-2.600019773645742,1.9358127584696716,5.89126525404224,0.1863777652430231,-0.00971047400419335,0.0,470.9866934082764,471.95458435128444,471.7017556450534,471.92641230879667
4.080000000000001,-3.5377112610060073,0.018901922843965052,25.65894503716136,0.2858511289246115,0.11602913765405276,0.0,-2.6729759699265148,2.0960358547178664,5.863737055235029,0.18792155410265268,0.0017793169100539488,0.0,444.0761082694669,445.0179084396884,443.37979846892017,443.540638793119
4.14,-3.7001770779906518,0.14936665359135629,26.009007323153085,0.2977035301353981,0.11586144804798959,0.0,-2.7426042522748926,2.2536818764203574,5.804726885661472,0.21194218287302688,-0.014025284790275915,0.0,435.05717329506115,433.7315774301376,433.4130967184829,435.4661860399558
4.199999999999998,-3.867053102485335,0.2900550047307803,26.357334497108216,0.31039818736469726,0.11491670976899382,0.0,-2.819864688433883,2.436908034705956,5.805474304462143,0.21083968353993324,-0.01942956757766169,0.0,454.85884758110944,454.42584743781543,455.35943444680186,455.31415993619925
4.259999999999997,-4.038687694964913,0.4423016976704394,26.706701131740186,0.3234730065688449,0.11389714144666652,0.0,-2.901175307251135,2.6389574762021146,5.839115532867826,0.22922287480576167,-0.012517654175184708,0.0,467.4641318150628,468.0026392403406,465.8176991507656,467.2974095141196
4.319999999999996,-4.215886959850658,0.6088505491383267,27.06373416841487,0.33675264211977485,0.11256117435287205,0.0,-3.0052143872599886,2.913680284431664,6.059689336083527,0.19683356260324944,-0.0629689794296622,0.0,527.7347169104759,524.2398172511511,525.9822211328819,523.7732050170189
4.379999999999995,-4.398457474166998,0.7897177117498747,27.426880679873914,0.34838911572898823,0.1089203814678541,0.0,-3.080177792174135,3.1160713337542907,6.044527842452799,0.18742987025251984,-0.056457000286758874,0.0,458.3439522298163,458.85882702062077,457.8921752046871,457.17872922219715
4.439999999999993,-4.585275568802376,0.982283771226015,27.78730960371378,0.3602028924122216,0.10549284648483859,0.0,-3.1468980255349868,3.303636528633236,5.969464079036655,0.21112443719695317,-0.05849685892163438,0.0,439.3445245062802,439.1730340526082,438.6925284732304,440.6938271200116
4.499999999999992,-4.7759863416637405,1.186040855383487,28.142538379566258,0.37289780693434604,0.1023710002223428,0.0,-3.209966224159849,3.489179187504865,5.871265109133289,0.21247991862567359,-0.0415080436232738,0.0,431.2007930107946,432.6320653701876,432.4879896180435,432.6476359298828
4.559999999999991,-4.971187751645476,1.4037463551833078,28.49850638383587,0.38509354847868504,0.10006337682877309,0.0,-3.2964110827825674,3.7684231671797903,5.992519182317625,0.16943297254879902,-0.032973449537207225,0.0,503.4068998396724,504.0236820461439,505.9593268262663,502.8834051972727
4.6199999999999894,-5.1710857022299175,1.6367261191957092,28.857441553896013,0.3950547199312666,0.09830843512301257,0.0,-3.3667120109755047,3.998150898680583,5.971200492247741,0.1581403199534209,-0.022683655727371774,0.0,462.81421609541667,463.6233743464149,462.7584004881747,461.8934606299946
4.679999999999988,-5.3750705458524495,1.883183969133215,29.21394355281888,0.4044790618780425,0.09714287784324593,0.0,-3.4327221905539402,4.217653254100182,5.91165485214323,0.15484905060255302,-0.013598818855495465,0.0,451.1883514374599,451.9214700773606,452.0045666856374,451.7620914196996
4.739999999999987,-5.583296651739029,2.1440956454595703,29.569498309013508,0.41351422262292115,0.09654259190809711,0.0,-3.508057491765806,4.479762008210704,5.938970740817104,0.14031052632875754,-0.003642646799206402,0.0,481.03837764348503,481.79204621146243,482.3381743315567,481.2579429962244
4.799999999999986,-5.795522302180927,2.418690817297787,29.92166785728059,0.42231625812955453,0.0960918450582744,0.0,-3.5661968428020465,4.673948534828949,5.799982012167344,0.15711415683056348,-0.01666552959622818,0.0,428.4860709040409,427.3772654418426,426.8918074716545,428.3445604958764
4.859999999999984,-6.011269762971824,2.705151167343056,30.265713254530358,0.4318071540561439,0.0948480202993478,0.0,-3.625392809805028,4.875294549000104,5.668068197782894,0.16023269766121398,-0.030440550653977234,0.0,431.37187548617425,430.20668277381554,430.0078910185218,430.2966922735863
4.919999999999983,-6.230800345367313,3.0048404904060186,30.604050195756074,0.4415747830189778,0.0924902894903683,0.0,-3.6921703147073632,5.114794894242182,5.6091508796743526,0.16747270108051393,-0.07011462285037179,0.0,457.4579838758771,454.28572997537833,456.7326158847057,457.3342281641014
4.979999999999982,-6.45413502421132,3.3182236913950898,30.93709848794907,0.45173183947624107,0.08837243420434415,0.0,-3.7521061688177544,5.331876752248755,5.492203836572053,0.17267681845893748,-0.06581878920591805,0.0,436.99093694733796,437.3453494721324,437.9881547316181,438.4487545010003
5.0399999999999805,-6.680639928002289,3.6428293483234437,31.259145026107756,0.46217838140726286,0.08503432899352603,0.0,-3.798040923298458,5.489079457571882,5.243328523685244,0.17682594344430222,-0.04058221040080301,0.0,386.66565712994435,389.03391488441997,388.24113604454027,388.6642892991946
